79 98
54 65 75 74
79 60 97
74
[0]
[20, 23, 27, 26]
[2080, 25, 167, 207, 401, 1046]
[]
[]
[1]
[695, 10, 71, 135, 350]
[43, 49, 58, 55, 362]
[]
[]
[2]
[16, 18, 21, 20, 122]
[1468, 22, 150, 286, 739]
[]
[]
[3]
[491, 9, 52, 97, 248, 34]
[39, 45, 43, 258]
[]
[]
[4]
[15, 17, 16, 88, 1037]
[20, 110, 205, 524, 72]
[]
[]
[5]
[8, 70, 176, 26, 34]
[481, 32, 36, 186, 2190]
[]
[]
[6]
[162, 12, 14, 64, 732, 17]
[148, 372, 55, 72]
[]
[]
[7]
[51, 126, 20, 26, 136]
[343, 26, 30, 1546, 36]
[]
[]
[8]
[116, 10, 12, 517, 14]
[108, 267, 43, 55, 288]
[]
[]
[9]
[91, 16, 20, 98]
[481, 245, 22, 26, 1092, 30]
[]
[]
[10]
[162, 83, 9, 10, 366, 12, 34]
[193, 43, 207]
[]
[]
[11]
[66, 16, 71]
[343, 176, 20, 22, 773, 26, 72]
[]
[]
[12]
[116, 60, 8, 9, 259, 10, 26, 34]
[140, 150]
[]
[]
[13]
[48, 52, 17]
[245, 127, 20, 547, 22, 55, 72]
[]
[]
[14]
[83, 44, 8, 184, 9, 20, 26, 102]
[110, 36]
[]
[]
[15]
[14, 17]
[481, 176, 93, 389, 20, 43, 55, 216]
[]
[]
[16]
[162, 60, 33, 131, 8, 16, 20, 74]
[30, 36]
[]
[]
[17]
[12, 14, 17, 34]
[343, 127, 70, 277, 43, 157]
[]
[]
[18]
[116, 44, 25, 94, 16, 54]
[26, 30, 36, 72]
[]
[]
[19]
[10, 12, 14, 26, 34]
[245, 93, 53, 199, 115]
[]
[]
10605
