30
4
2 0 0 0 0
4 0 0 0 1
4 15 0 0 2
2 0 20 0 3
4
4 0 0 0 0
4 0 0 0 1
4 20 0 0 2
2 0 8 0 3
4
4 0 0 0 0
4 0 0 0 1
3 14 0 0 2
4 0 8 0 3
4
4 0 0 0 0
3 0 0 0 1
3 15 0 0 2
2 0 13 0 3
4
2 0 0 0 0
4 0 0 0 1
4 20 0 0 2
4 0 18 0 3
4
4 0 0 0 0
4 0 0 0 1
4 17 0 0 2
2 0 13 0 3
4
4 0 0 0 0
4 0 0 0 1
4 12 0 0 2
4 0 19 0 3
4
3 0 0 0 0
4 0 0 0 1
2 15 0 0 2
2 0 13 0 3
4
3 0 0 0 0
3 0 0 0 1
2 9 0 0 2
2 0 9 0 3
4
3 0 0 0 0
3 0 0 0 1
2 12 0 0 2
2 0 10 0 3
4
3 0 0 0 0
4 0 0 0 1
4 10 0 0 2
2 0 13 0 3
4
3 0 0 0 0
4 0 0 0 1
4 6 0 0 2
3 0 16 0 3
4
4 0 0 0 0
3 0 0 0 1
4 5 0 0 2
3 0 19 0 3
4
3 0 0 0 0
4 0 0 0 1
4 20 0 0 2
4 0 16 0 3
4
4 0 0 0 0
4 0 0 0 1
4 8 0 0 2
2 0 18 0 3
4
4 0 0 0 0
3 0 0 0 1
2 10 0 0 2
4 0 10 0 3
4
2 0 0 0 0
2 0 0 0 1
2 17 0 0 2
2 0 10 0 3
4
2 0 0 0 0
3 0 0 0 1
3 11 0 0 2
3 0 14 0 3
4
4 0 0 0 0
3 0 0 0 1
2 13 0 0 2
2 0 10 0 3
4
4 0 0 0 0
4 0 0 0 1
4 5 0 0 2
2 0 10 0 3
4
4 0 0 0 0
4 0 0 0 1
3 14 0 0 2
4 0 15 0 3
4
4 0 0 0 0
3 0 0 0 1
4 20 0 0 2
2 0 15 0 3
4
4 0 0 0 0
3 0 0 0 1
2 5 0 0 2
2 0 10 0 3
4
3 0 0 0 0
4 0 0 0 1
4 5 0 0 2
4 0 8 0 3
4
2 0 0 0 0
3 0 0 0 1
3 17 0 0 2
3 0 10 0 3
4
3 0 0 0 0
4 0 0 0 1
4 6 0 0 2
2 0 20 0 3
4
4 0 0 0 0
4 0 0 0 1
4 5 0 0 2
3 0 15 0 3
4
4 0 0 0 0
4 0 0 0 1
4 17 0 0 2
4 0 20 0 3
4
4 0 0 0 0
4 0 0 0 1
2 14 0 0 2
3 0 17 0 3
4
2 0 0 0 0
3 0 0 0 1
3 9 0 0 2
3 0 9 0 3
