54 15 30 25
11 18 6 25 10 22 14 19 21 9 23 15 24 7 3
3 36 39 27
3 24 21 23
5 48 16 43 18 37
1 20
3 46 52 49
2 42 40
1 33
4 15 27 21 31
2 45 46
5 41 45 35 17 48
2 50 19
3 47 30 51
3 31 39 23
5 38 53 34 43 36
5 47 34 32 28 29
2 53 7
2 2 52
2 29 9
2 2 25
2 42 10
2 3 49
2 7 1
2 28 25
2 1 12
2 1 50
5 26 22 41 18 44
2 30 25
2 7 0
2 22 14
2 14 17
2 11 26
2 12 7
2 37 14
2 40 6
2 13 14
2 9 51
2 13 0
2 2 32
2 13 44
2 12 0
2 5 33
2 25 9
2 5 19
2 13 2
2 38 25
2 8 9
2 8 4
2 14 11
2 9 2
2 20 4
2 10 24
2 11 35
2 4 16
2 13 15
