15 15 30 25
11 18 6 25 10 22 14 19 21 9 23 15 24 7 3
210
0 1 4
0 2 4
0 3 10
0 4 7
0 5 10
0 6 13
0 7 2
0 8 8
0 9 6
0 10 7
0 11 6
0 12 2
0 13 2
0 14 4
1 0 4
1 2 7
1 3 13
1 4 10
1 5 6
1 6 9
1 7 2
1 8 11
1 9 9
1 10 3
1 11 9
1 12 2
1 13 5
1 14 7
2 0 4
2 1 7
2 3 6
2 4 3
2 5 13
2 6 16
2 7 5
2 8 4
2 9 2
2 10 10
2 11 5
2 12 6
2 13 2
2 14 3
3 0 10
3 1 13
3 2 6
3 4 3
3 5 19
3 6 22
3 7 11
3 8 5
3 9 7
3 10 16
3 11 10
3 12 12
3 13 8
3 14 9
4 0 7
4 1 10
4 2 3
4 3 3
4 5 16
4 6 19
4 7 8
4 8 2
4 9 4
4 10 13
4 11 7
4 12 9
4 13 5
4 14 6
5 0 10
5 1 6
5 2 13
5 3 19
5 4 16
5 6 3
5 7 8
5 8 17
5 9 15
5 10 3
5 11 15
5 12 8
5 13 11
5 14 13
6 0 13
6 1 9
6 2 16
6 3 22
6 4 19
6 5 3
6 7 11
6 8 20
6 9 18
6 10 6
6 11 18
6 12 11
6 13 14
6 14 16
7 0 2
7 1 2
7 2 5
7 3 11
7 4 8
7 5 8
7 6 11
7 8 9
7 9 7
7 10 5
7 11 7
7 12 2
7 13 3
7 14 5
8 0 8
8 1 11
8 2 4
8 3 5
8 4 2
8 5 17
8 6 20
8 7 9
8 9 2
8 10 14
8 11 5
8 12 10
8 13 6
8 14 5
9 0 6
9 1 9
9 2 2
9 3 7
9 4 4
9 5 15
9 6 18
9 7 7
9 8 2
9 10 12
9 11 3
9 12 8
9 13 4
9 14 3
10 0 7
10 1 3
10 2 10
10 3 16
10 4 13
10 5 3
10 6 6
10 7 5
10 8 14
10 9 12
10 11 12
10 12 5
10 13 8
10 14 10
11 0 6
11 1 9
11 2 5
11 3 10
11 4 7
11 5 15
11 6 18
11 7 7
11 8 5
11 9 3
11 10 12
11 12 8
11 13 4
11 14 2
12 0 2
12 1 2
12 2 6
12 3 12
12 4 9
12 5 8
12 6 11
12 7 2
12 8 10
12 9 8
12 10 5
12 11 8
12 13 4
12 14 6
13 0 2
13 1 5
13 2 2
13 3 8
13 4 5
13 5 11
13 6 14
13 7 3
13 8 6
13 9 4
13 10 8
13 11 4
13 12 4
13 14 2
14 0 4
14 1 7
14 2 3
14 3 9
14 4 6
14 5 13
14 6 16
14 7 5
14 8 5
14 9 3
14 10 10
14 11 2
14 12 6
14 13 2
